active_size dormant_size mut_rate_per_base genome_size gens dormancy_number replicates sub_rate evol_distance sub_rate_N evol_distance_N sub_rate_M evol_distance_M
100 100 0.001 100 10000 82 100 0.25 0.304098831081 0.28 0.35050538387 0.3 0.383119217824
100 100 0.001 100 10000 82 100 0.18 0.205827634276 0.21 0.246378050229 0.22 0.260397149988
100 100 0.001 100 10000 82 100 0.21 0.246378050229 0.23 0.274683296216 0.25 0.304098831081
100 100 0.001 100 10000 82 100 0.17 0.192783827242 0.2 0.232616196228 0.2 0.232616196228
100 100 0.001 100 10000 82 100 0.05 0.0517446536152 0.07 0.0734853062702 0.07 0.0734853062702
100 100 0.001 100 10000 82 100 0.05 0.0517446536152 0.07 0.0734853062702 0.08 0.084596620609
100 100 0.001 100 10000 82 100 0.19 0.219102317101 0.27 0.334715326971 0.24 0.289246860609
100 100 0.001 100 10000 82 100 0.14 0.154960687022 0.16 0.179963002223 0.16 0.179963002223
100 100 0.001 100 10000 82 100 0.22 0.260397149988 0.28 0.35050538387 0.29 0.366635037785
100 100 0.001 100 10000 82 100 0.18 0.205827634276 0.18 0.205827634276 0.19 0.219102317101
100 100 0.001 100 10000 82 100 0.17 0.192783827242 0.27 0.334715326971 0.22 0.260397149988
100 100 0.001 100 10000 82 100 0.16 0.179963002223 0.22 0.260397149988 0.19 0.219102317101
100 100 0.001 100 10000 82 100 0.07 0.0734853062702 0.09 0.0958750286324 0.08 0.084596620609
100 100 0.001 100 10000 82 100 0.11 0.118953772632 0.15 0.167357663486 0.14 0.154960687022
100 100 0.001 100 10000 82 100 0.18 0.205827634276 0.22 0.260397149988 0.18 0.205827634276
100 100 0.001 100 10000 82 100 0.13 0.142765296368 0.15 0.167357663486 0.14 0.154960687022
100 100 0.001 100 10000 82 100 0.15 0.167357663486 0.18 0.205827634276 0.19 0.219102317101
100 100 0.001 100 10000 82 100 0.25 0.304098831081 0.27 0.334715326971 0.27 0.334715326971
100 100 0.001 100 10000 82 100 0.16 0.179963002223 0.21 0.246378050229 0.2 0.232616196228
100 100 0.001 100 10000 82 100 0.22 0.260397149988 0.3 0.383119217824 0.28 0.35050538387
100 100 0.001 100 10000 82 100 0.2 0.232616196228 0.25 0.304098831081 0.23 0.274683296216
100 100 0.001 100 10000 82 100 0.08 0.084596620609 0.11 0.118953772632 0.12 0.130765040359
100 100 0.001 100 10000 82 100 0.13 0.142765296368 0.2 0.232616196228 0.14 0.154960687022
100 100 0.001 100 10000 82 100 0.13 0.142765296368 0.21 0.246378050229 0.16 0.179963002223
100 100 0.001 100 10000 82 100 0.17 0.192783827242 0.2 0.232616196228 0.18 0.205827634276
100 100 0.001 100 10000 82 100 0.15 0.167357663486 0.19 0.219102317101 0.16 0.179963002223
100 100 0.001 100 10000 82 100 0.16 0.179963002223 0.19 0.219102317101 0.24 0.289246860609
100 100 0.001 100 10000 82 100 0.2 0.232616196228 0.25 0.304098831081 0.22 0.260397149988
100 100 0.001 100 10000 82 100 0.12 0.130765040359 0.14 0.154960687022 0.14 0.154960687022
100 100 0.001 100 10000 82 100 0.17 0.192783827242 0.2 0.232616196228 0.19 0.219102317101
100 100 0.001 100 10000 82 100 0.2 0.232616196228 0.23 0.274683296216 0.26 0.319250861569
100 100 0.001 100 10000 82 100 0.13 0.142765296368 0.17 0.192783827242 0.18 0.205827634276
100 100 0.001 100 10000 82 100 0.21 0.246378050229 0.27 0.334715326971 0.25 0.304098831081
100 100 0.001 100 10000 82 100 0.13 0.142765296368 0.13 0.142765296368 0.15 0.167357663486
100 100 0.001 100 10000 82 100 0.09 0.0958750286324 0.1 0.107325632731 0.13 0.142765296368
100 100 0.001 100 10000 82 100 0.06 0.0625362067043 0.09 0.0958750286324 0.09 0.0958750286324
100 100 0.001 100 10000 82 100 0.12 0.130765040359 0.16 0.179963002223 0.15 0.167357663486
100 100 0.001 100 10000 82 100 0.14 0.154960687022 0.19 0.219102317101 0.17 0.192783827242
100 100 0.001 100 10000 82 100 0.08 0.084596620609 0.09 0.0958750286324 0.09 0.0958750286324
100 100 0.001 100 10000 82 100 0.23 0.274683296216 0.28 0.35050538387 0.26 0.319250861569
100 100 0.001 100 10000 82 100 0.11 0.118953772632 0.12 0.130765040359 0.16 0.179963002223
100 100 0.001 100 10000 82 100 0.17 0.192783827242 0.19 0.219102317101 0.18 0.205827634276
100 100 0.001 100 10000 82 100 0.13 0.142765296368 0.13 0.142765296368 0.15 0.167357663486
100 100 0.001 100 10000 82 100 0.2 0.232616196228 0.27 0.334715326971 0.24 0.289246860609
100 100 0.001 100 10000 82 100 0.18 0.205827634276 0.2 0.232616196228 0.19 0.219102317101
100 100 0.001 100 10000 82 100 0.07 0.0734853062702 0.12 0.130765040359 0.1 0.107325632731
100 100 0.001 100 10000 82 100 0.19 0.219102317101 0.22 0.260397149988 0.26 0.319250861569
100 100 0.001 100 10000 82 100 0.04 0.0411061773712 0.06 0.0625362067043 0.08 0.084596620609
100 100 0.001 100 10000 82 100 0.13 0.142765296368 0.14 0.154960687022 0.13 0.142765296368
100 100 0.001 100 10000 82 100 0.07 0.0734853062702 0.08 0.084596620609 0.09 0.0958750286324
100 100 0.001 100 10000 82 100 0.2 0.232616196228 0.21 0.246378050229 0.2 0.232616196228
100 100 0.001 100 10000 82 100 0.07 0.0734853062702 0.08 0.084596620609 0.11 0.118953772632
100 100 0.001 100 10000 82 100 0.2 0.232616196228 0.25 0.304098831081 0.23 0.274683296216
100 100 0.001 100 10000 82 100 0.1 0.107325632731 0.11 0.118953772632 0.11 0.118953772632
100 100 0.001 100 10000 82 100 0.15 0.167357663486 0.18 0.205827634276 0.17 0.192783827242
100 100 0.001 100 10000 82 100 0.12 0.130765040359 0.18 0.205827634276 0.16 0.179963002223
100 100 0.001 100 10000 82 100 0.04 0.0411061773712 0.05 0.0517446536152 0.06 0.0625362067043
100 100 0.001 100 10000 82 100 0.14 0.154960687022 0.15 0.167357663486 0.16 0.179963002223
100 100 0.001 100 10000 82 100 0.2 0.232616196228 0.31 0.399973859714 0.2 0.232616196228
100 100 0.001 100 10000 82 100 0.16 0.179963002223 0.21 0.246378050229 0.16 0.179963002223
100 100 0.001 100 10000 82 100 0.22 0.260397149988 0.24 0.289246860609 0.24 0.289246860609
100 100 0.001 100 10000 82 100 0.19 0.219102317101 0.23 0.274683296216 0.21 0.246378050229
100 100 0.001 100 10000 82 100 0.15 0.167357663486 0.15 0.167357663486 0.17 0.192783827242
100 100 0.001 100 10000 82 100 0.17 0.192783827242 0.18 0.205827634276 0.2 0.232616196228
100 100 0.001 100 10000 82 100 0.09 0.0958750286324 0.13 0.142765296368 0.1 0.107325632731
100 100 0.001 100 10000 82 100 0.12 0.130765040359 0.15 0.167357663486 0.17 0.192783827242
100 100 0.001 100 10000 82 100 0.25 0.304098831081 0.27 0.334715326971 0.33 0.43486387144
100 100 0.001 100 10000 82 100 0.23 0.274683296216 0.26 0.319250861569 0.26 0.319250861569
100 100 0.001 100 10000 82 100 0.09 0.0958750286324 0.09 0.0958750286324 0.1 0.107325632731
100 100 0.001 100 10000 82 100 0.18 0.205827634276 0.18 0.205827634276 0.19 0.219102317101
100 100 0.001 100 10000 82 100 0.09 0.0958750286324 0.1 0.107325632731 0.12 0.130765040359
100 100 0.001 100 10000 82 100 0.14 0.154960687022 0.14 0.154960687022 0.14 0.154960687022
100 100 0.001 100 10000 82 100 0.2 0.232616196228 0.23 0.274683296216 0.26 0.319250861569
100 100 0.001 100 10000 82 100 0.11 0.118953772632 0.14 0.154960687022 0.12 0.130765040359
100 100 0.001 100 10000 82 100 0.16 0.179963002223 0.21 0.246378050229 0.19 0.219102317101
100 100 0.001 100 10000 82 100 0.18 0.205827634276 0.2 0.232616196228 0.2 0.232616196228
100 100 0.001 100 10000 82 100 0.25 0.304098831081 0.29 0.366635037785 0.26 0.319250861569
100 100 0.001 100 10000 82 100 0.1 0.107325632731 0.14 0.154960687022 0.12 0.130765040359
100 100 0.001 100 10000 82 100 0.22 0.260397149988 0.25 0.304098831081 0.24 0.289246860609
100 100 0.001 100 10000 82 100 0.17 0.192783827242 0.18 0.205827634276 0.2 0.232616196228
100 100 0.001 100 10000 82 100 0.12 0.130765040359 0.14 0.154960687022 0.17 0.192783827242
100 100 0.001 100 10000 82 100 0.13 0.142765296368 0.15 0.167357663486 0.19 0.219102317101
100 100 0.001 100 10000 82 100 0.06 0.0625362067043 0.07 0.0734853062702 0.08 0.084596620609
100 100 0.001 100 10000 82 100 0.15 0.167357663486 0.19 0.219102317101 0.16 0.179963002223
100 100 0.001 100 10000 82 100 0.05 0.0517446536152 0.06 0.0625362067043 0.06 0.0625362067043
100 100 0.001 100 10000 82 100 0.17 0.192783827242 0.18 0.205827634276 0.18 0.205827634276
100 100 0.001 100 10000 82 100 0.15 0.167357663486 0.22 0.260397149988 0.16 0.179963002223
100 100 0.001 100 10000 82 100 0.12 0.130765040359 0.14 0.154960687022 0.21 0.246378050229
100 100 0.001 100 10000 82 100 0.14 0.154960687022 0.2 0.232616196228 0.19 0.219102317101
100 100 0.001 100 10000 82 100 0.14 0.154960687022 0.15 0.167357663486 0.19 0.219102317101
100 100 0.001 100 10000 82 100 0.27 0.334715326971 0.3 0.383119217824 0.31 0.399973859714
100 100 0.001 100 10000 82 100 0.21 0.246378050229 0.24 0.289246860609 0.25 0.304098831081
100 100 0.001 100 10000 82 100 0.21 0.246378050229 0.23 0.274683296216 0.22 0.260397149988
100 100 0.001 100 10000 82 100 0.26 0.319250861569 0.28 0.35050538387 0.26 0.319250861569
100 100 0.001 100 10000 82 100 0.22 0.260397149988 0.25 0.304098831081 0.27 0.334715326971
100 100 0.001 100 10000 82 100 0.13 0.142765296368 0.15 0.167357663486 0.17 0.192783827242
100 100 0.001 100 10000 82 100 0.17 0.192783827242 0.2 0.232616196228 0.19 0.219102317101
100 100 0.001 100 10000 82 100 0.13 0.142765296368 0.14 0.154960687022 0.15 0.167357663486
100 100 0.001 100 10000 82 100 0.13 0.142765296368 0.14 0.154960687022 0.16 0.179963002223
100 100 0.001 100 10000 82 100 0.12 0.130765040359 0.13 0.142765296368 0.15 0.167357663486
