replicate pan_genome core_genome
0 25 21
1 29 19
2 28 16
3 27 18
4 25 22
5 24 19
6 22 25
7 31 16
8 24 20
9 26 19
10 27 17
11 32 13
12 26 20
13 26 18
14 28 18
15 34 14
16 26 19
17 24 23
18 27 18
19 28 20
20 30 17
21 27 19
22 31 17
23 29 18
24 30 18
25 24 23
26 28 19
27 26 20
28 29 15
29 29 19
30 26 22
31 25 22
32 27 19
33 24 20
34 27 21
35 28 19
36 25 20
37 29 19
38 26 20
39 26 18
40 25 20
41 29 18
42 28 17
43 28 19
44 33 14
45 24 23
46 26 20
47 16 24
48 27 20
49 25 20
50 24 22
51 21 20
52 23 21
53 32 16
54 27 19
55 29 18
56 28 20
57 27 19
58 25 23
59 30 19
60 25 20
61 22 21
62 28 19
63 23 21
64 26 23
65 29 19
66 30 17
67 32 17
68 24 24
69 29 18
70 29 15
71 30 17
72 25 20
73 30 17
74 25 16
75 30 18
76 26 22
77 28 18
78 27 21
79 30 17
80 26 22
81 21 21
82 31 16
83 23 22
84 26 21
85 24 20
86 34 14
87 27 21
88 29 19
89 28 18
90 26 19
91 31 18
92 26 21
93 32 16
94 26 19
95 27 21
96 26 21
97 25 21
98 26 20
99 26 20
