replicate pan_genome core_genome
0 30 17
1 28 19
2 25 22
3 32 15
4 25 17
5 31 17
6 28 19
7 33 15
8 26 20
9 27 17
10 22 20
11 26 20
12 32 16
13 32 16
14 25 19
15 29 17
16 29 18
17 24 20
18 30 17
19 30 18
20 26 19
21 30 17
22 28 17
23 30 17
24 34 15
25 26 20
26 25 20
27 25 22
28 29 18
29 29 18
30 25 22
31 32 16
32 26 20
33 26 21
34 28 21
35 25 21
36 28 19
37 27 18
38 27 20
39 28 19
40 25 20
41 30 14
42 27 18
43 33 15
44 27 19
45 27 21
46 24 21
47 26 19
48 27 19
49 31 17
50 27 17
51 31 14
52 31 17
53 29 17
54 28 18
55 22 21
56 24 21
57 30 18
58 30 19
59 27 20
60 27 20
61 30 16
62 30 17
63 30 17
64 30 17
65 28 17
66 35 14
67 29 18
68 25 20
69 29 18
70 25 21
71 25 20
72 23 22
73 27 20
74 27 16
75 31 16
76 31 17
77 27 19
78 34 15
79 31 17
80 29 20
81 28 18
82 25 21
83 27 18
84 30 17
85 29 17
86 29 17
87 29 20
88 28 17
89 25 20
90 26 23
91 29 19
92 29 19
93 24 21
94 29 19
95 26 16
96 27 18
97 31 18
98 23 21
99 30 16
