replicate pan_genome core_genome
0 29 19
1 30 18
2 30 19
3 30 19
4 32 17
5 27 22
6 36 13
7 32 17
8 28 20
9 32 17
10 30 19
11 33 16
12 28 21
13 34 14
14 30 19
15 26 23
16 29 20
17 30 19
18 30 19
19 30 19
20 29 20
21 30 19
22 28 20
23 26 23
24 31 18
25 24 23
26 28 21
27 30 19
28 33 16
29 30 19
30 31 18
31 29 19
32 30 19
33 32 17
34 33 16
35 31 18
36 32 17
37 31 18
38 34 15
39 28 21
40 31 18
41 31 18
42 30 19
43 27 22
44 29 20
45 27 22
46 31 18
47 32 17
48 31 18
49 23 26
50 30 19
51 29 20
52 32 17
53 27 20
54 33 16
55 31 18
56 30 19
57 33 16
58 30 19
59 29 20
60 31 17
61 26 23
62 30 19
63 29 20
64 33 16
65 33 16
66 29 20
67 32 17
68 31 18
69 34 15
70 28 20
71 30 19
72 26 23
73 31 17
74 31 17
75 31 18
76 31 18
77 26 22
78 30 18
79 33 15
80 29 20
81 27 21
82 27 21
83 28 19
84 30 19
85 29 20
86 29 20
87 35 14
88 30 19
89 31 18
90 31 18
91 32 17
92 35 14
93 30 19
94 35 14
95 29 20
96 30 19
97 32 17
98 30 18
99 34 14
