replicate pan_genome core_genome
0 32 17
1 27 21
2 25 19
3 29 18
4 24 18
5 29 19
6 30 17
7 26 18
8 28 18
9 26 22
10 30 18
11 22 23
12 27 17
13 26 20
14 30 17
15 25 21
16 29 17
17 28 18
18 31 17
19 32 17
20 26 20
21 29 18
22 27 21
23 30 19
24 30 18
25 31 16
26 29 19
27 25 19
28 28 19
29 27 18
30 28 18
31 30 15
32 26 20
33 24 19
34 24 21
35 24 22
36 28 19
37 26 18
38 26 19
39 28 19
40 24 21
41 26 21
42 25 22
43 32 17
44 22 20
45 25 19
46 30 16
47 29 17
48 30 17
49 28 16
50 24 22
51 29 17
52 27 19
53 27 19
54 18 23
55 27 21
56 25 19
57 27 17
58 29 20
59 29 19
60 32 16
61 31 17
62 26 17
63 30 15
64 25 20
65 27 21
66 26 18
67 27 19
68 29 17
69 25 20
70 29 19
71 32 15
72 33 15
73 24 21
74 22 22
75 25 19
76 27 21
77 28 17
78 33 14
79 28 15
80 26 20
81 25 23
82 25 21
83 25 19
84 26 17
85 27 18
86 30 16
87 25 20
88 28 19
89 28 20
90 26 21
91 34 14
92 29 18
93 25 22
94 31 14
95 23 23
96 26 18
97 29 18
98 26 20
99 29 20
