replicate pan_genome core_genome
0 25 22
1 23 23
2 23 23
3 23 23
4 20 24
5 24 24
6 23 25
7 22 23
8 27 19
9 25 23
10 26 22
11 18 27
12 23 23
13 21 27
14 26 19
15 22 23
16 21 26
17 25 24
18 25 22
19 22 23
20 30 18
21 26 23
22 20 22
23 24 25
24 22 25
25 24 24
26 25 22
27 29 20
28 25 23
29 26 22
30 29 20
31 24 23
32 29 20
33 25 22
34 23 22
35 23 23
36 25 21
37 28 21
38 23 25
39 27 20
40 21 24
41 22 23
42 21 26
43 23 26
44 19 27
45 25 19
46 25 18
47 22 24
48 23 24
49 31 18
50 26 21
51 25 24
52 23 23
53 26 22
54 25 19
55 21 27
56 21 24
57 24 21
58 20 26
59 22 26
60 22 24
61 20 23
62 33 16
63 28 21
64 27 20
65 23 25
66 30 19
67 24 23
68 29 18
69 24 22
70 23 23
71 25 24
72 21 25
73 29 20
74 24 22
75 23 26
76 26 21
77 18 25
78 24 22
79 22 24
80 23 25
81 29 18
82 23 24
83 19 24
84 26 23
85 28 19
86 22 23
87 26 21
88 28 21
89 26 20
90 27 22
91 24 25
92 24 22
93 26 23
94 26 20
95 25 22
96 22 22
97 25 22
98 23 23
99 20 24
