replicate pan_genome core_genome
0 23 21
1 23 20
2 25 21
3 26 21
4 27 21
5 23 25
6 23 23
7 25 23
8 25 23
9 22 23
10 22 26
11 26 22
12 27 22
13 22 24
14 26 21
15 23 24
16 20 28
17 24 23
18 26 21
19 24 23
20 23 23
21 29 19
22 24 23
23 26 21
24 21 22
25 23 23
26 27 21
27 21 22
28 28 21
29 25 23
30 22 22
31 22 24
32 27 22
33 26 22
34 23 23
35 27 22
36 25 23
37 25 22
38 23 22
39 29 17
40 26 21
41 27 21
42 25 21
43 24 18
44 26 22
45 22 21
46 24 24
47 23 23
48 26 23
49 24 24
50 24 22
51 24 21
52 20 27
53 19 26
54 28 20
55 22 22
56 29 19
57 23 25
58 18 25
59 17 25
60 25 20
61 21 25
62 25 23
63 26 21
64 19 27
65 24 22
66 22 24
67 19 26
68 19 27
69 26 21
70 17 28
71 25 22
72 27 19
73 23 21
74 26 19
75 21 23
76 22 24
77 23 22
78 23 24
79 24 22
80 21 20
81 29 20
82 23 22
83 23 23
84 26 22
85 25 23
86 23 26
87 25 21
88 24 22
89 19 23
90 27 19
91 22 24
92 20 26
93 30 19
94 22 23
95 27 21
96 22 25
97 23 23
98 24 23
99 27 20
