replicate pan_genome core_genome
0 25 22
1 25 23
2 26 23
3 24 20
4 21 24
5 25 22
6 21 26
7 28 21
8 26 23
9 28 19
10 28 19
11 25 21
12 22 24
13 25 24
14 26 22
15 26 23
16 25 24
17 29 17
18 27 21
19 24 24
20 25 22
21 24 23
22 25 23
23 25 22
24 22 26
25 23 25
26 23 23
27 27 21
28 23 26
29 25 23
30 23 23
31 30 19
32 25 23
33 27 19
34 29 20
35 29 17
36 23 25
37 25 24
38 26 22
39 21 21
40 23 26
41 26 22
42 25 22
43 30 19
44 27 21
45 22 21
46 26 23
47 24 23
48 25 23
49 24 24
50 25 23
51 24 24
52 24 24
53 28 20
54 27 20
55 24 25
56 28 21
57 24 23
58 28 18
59 27 19
60 25 23
61 18 26
62 28 20
63 23 24
64 22 25
65 26 21
66 25 22
67 25 23
68 28 21
69 29 20
70 29 20
71 27 21
72 22 25
73 28 21
74 24 22
75 25 22
76 25 23
77 26 21
78 24 23
79 26 23
80 28 20
81 23 24
82 25 22
83 24 24
84 20 26
85 29 17
86 24 22
87 27 22
88 28 18
89 23 25
90 26 23
91 26 21
92 26 19
93 23 22
94 32 17
95 24 24
96 25 22
97 23 25
98 22 23
99 29 20
