replicate pan_genome core_genome
0 23 23
1 24 22
2 21 24
3 27 21
4 23 22
5 22 21
6 22 24
7 26 18
8 31 18
9 23 22
10 23 22
11 24 24
12 22 23
13 25 21
14 25 23
15 25 20
16 24 25
17 25 22
18 27 21
19 23 24
20 24 21
21 27 21
22 21 25
23 24 22
24 27 22
25 27 20
26 24 25
27 28 17
28 28 19
29 21 24
30 23 23
31 27 21
32 31 18
33 25 21
34 20 26
35 19 28
36 20 25
37 26 21
38 21 24
39 22 23
40 17 26
41 25 23
42 24 23
43 21 26
44 22 24
45 25 21
46 22 25
47 24 23
48 27 19
49 21 24
50 25 23
51 26 23
52 23 21
53 24 22
54 23 25
55 20 25
56 28 21
57 29 20
58 30 19
59 28 21
60 23 25
61 23 24
62 23 24
63 24 23
64 28 20
65 27 22
66 25 22
67 21 26
68 24 23
69 24 23
70 23 24
71 21 21
72 23 23
73 27 21
74 26 22
75 28 20
76 25 24
77 24 25
78 19 26
79 20 25
80 21 25
81 25 20
82 21 26
83 20 26
84 26 21
85 18 26
86 21 25
87 25 23
88 27 20
89 25 24
90 24 24
91 21 25
92 21 25
93 25 20
94 28 20
95 25 22
96 28 20
97 28 19
98 32 16
99 25 22
