replicate pan_genome core_genome
0 24 23
1 24 24
2 25 22
3 26 22
4 24 24
5 21 26
6 26 22
7 26 21
8 27 22
9 22 26
10 24 22
11 25 23
12 23 23
13 25 22
14 28 21
15 24 22
16 28 20
17 23 18
18 23 24
19 23 23
20 27 22
21 25 20
22 24 23
23 26 23
24 29 19
25 21 23
26 26 22
27 25 23
28 28 19
29 27 21
30 23 25
31 25 21
32 23 24
33 19 27
34 26 21
35 21 24
36 17 28
37 25 22
38 30 19
39 25 22
40 23 23
41 21 25
42 28 21
43 22 24
44 24 23
45 27 20
46 23 25
47 23 22
48 28 20
49 22 25
50 23 23
51 25 23
52 24 21
53 23 22
54 25 24
55 26 21
56 22 20
57 22 25
58 22 26
59 26 21
60 27 20
61 23 25
62 28 20
63 24 24
64 25 22
65 23 23
66 25 21
67 20 26
68 23 25
69 28 21
70 23 25
71 20 27
72 20 24
73 25 21
74 25 22
75 26 20
76 28 20
77 24 22
78 29 18
79 28 20
80 22 25
81 22 24
82 27 20
83 23 25
84 23 23
85 19 26
86 21 26
87 23 22
88 22 26
89 25 24
90 22 24
91 23 24
92 26 21
93 24 25
94 29 19
95 24 22
96 18 26
97 24 23
98 22 25
99 30 19
