replicate pan_genome core_genome
0 31 16
1 26 17
2 30 18
3 30 18
4 33 16
5 30 18
6 29 19
7 28 18
8 22 22
9 29 18
10 27 18
11 31 15
12 24 21
13 31 18
14 30 18
15 27 20
16 29 19
17 26 22
18 31 14
19 28 20
20 27 20
21 26 18
22 29 17
23 23 22
24 25 21
25 25 22
26 28 17
27 28 17
28 34 15
29 26 19
30 23 22
31 28 17
32 29 18
33 30 18
34 28 19
35 26 19
36 27 19
37 30 18
38 27 17
39 24 22
40 23 22
41 30 18
42 30 17
43 27 18
44 26 21
45 31 16
46 30 18
47 26 21
48 26 19
49 29 17
50 30 19
51 26 21
52 30 18
53 27 22
54 32 17
55 29 18
56 31 17
57 29 19
58 29 17
59 24 21
60 25 22
61 27 19
62 27 19
63 29 18
64 25 19
65 31 18
66 26 21
67 28 18
68 27 17
69 31 17
70 28 18
71 25 20
72 25 18
73 28 17
74 32 16
75 28 19
76 26 18
77 27 22
78 23 19
79 23 21
80 29 19
81 30 17
82 27 21
83 27 19
84 26 22
85 29 18
86 29 19
87 29 19
88 28 16
89 27 19
90 32 17
91 27 15
92 25 18
93 25 18
94 24 20
95 24 19
96 33 16
97 34 14
98 30 16
99 32 17
