replicate pan_genome core_genome
0 24 22
1 28 20
2 31 15
3 26 20
4 22 22
5 30 18
6 31 16
7 32 16
8 23 22
9 27 19
10 28 18
11 27 19
12 23 23
13 28 18
14 31 16
15 31 17
16 28 19
17 23 20
18 25 19
19 28 19
20 25 23
21 32 17
22 26 20
23 26 21
24 33 14
25 23 20
26 29 18
27 27 19
28 26 19
29 25 20
30 27 19
31 30 16
32 31 15
33 30 16
34 28 17
35 27 20
36 29 18
37 28 19
38 23 21
39 24 18
40 25 21
41 26 22
42 31 17
43 28 19
44 33 12
45 28 18
46 27 18
47 23 21
48 27 20
49 22 23
50 27 19
51 27 19
52 29 18
53 28 19
54 26 21
55 26 21
56 28 19
57 31 16
58 28 18
59 25 20
60 27 19
61 26 19
62 28 17
63 25 20
64 31 18
65 22 24
66 27 16
67 28 19
68 26 21
69 27 22
70 23 21
71 28 18
72 27 17
73 29 18
74 25 20
75 28 20
76 29 18
77 29 19
78 24 23
79 23 21
80 27 21
81 31 17
82 28 19
83 24 24
84 31 15
85 31 17
86 25 19
87 26 21
88 18 23
89 29 16
90 26 21
91 29 16
92 22 21
93 28 19
94 28 21
95 23 20
96 26 17
97 27 20
98 28 19
99 27 19
