replicate pan_genome core_genome
0 27 22
1 24 22
2 27 21
3 18 25
4 22 22
5 25 21
6 27 22
7 25 21
8 25 22
9 16 25
10 24 22
11 26 21
12 26 21
13 25 21
14 25 22
15 22 24
16 24 22
17 31 18
18 26 22
19 26 22
20 22 26
21 28 19
22 26 21
23 27 20
24 29 19
25 19 26
26 26 23
27 30 19
28 22 23
29 23 25
30 21 22
31 17 25
32 28 21
33 20 23
34 24 24
35 23 25
36 21 26
37 25 24
38 23 23
39 29 19
40 24 22
41 23 23
42 19 24
43 23 24
44 29 18
45 26 20
46 25 21
47 27 20
48 21 24
49 21 26
50 26 22
51 24 25
52 25 22
53 23 22
54 26 21
55 23 24
56 23 24
57 26 21
58 22 23
59 23 23
60 22 25
61 26 22
62 26 20
63 29 19
64 26 21
65 27 19
66 18 27
67 25 23
68 26 21
69 25 23
70 22 23
71 23 25
72 22 21
73 27 18
74 28 21
75 27 19
76 25 24
77 20 24
78 23 23
79 26 23
80 25 24
81 26 21
82 20 25
83 22 26
84 23 25
85 29 20
86 25 22
87 21 24
88 25 23
89 26 22
90 23 23
91 23 25
92 26 22
93 20 24
94 28 19
95 24 23
96 26 23
97 25 23
98 24 20
99 25 22
