replicate pan_genome core_genome
0 25 20
1 29 18
2 29 16
3 24 22
4 25 23
5 26 21
6 29 18
7 31 15
8 29 19
9 30 15
10 27 18
11 31 18
12 25 19
13 29 19
14 26 21
15 25 21
16 35 14
17 24 17
18 30 14
19 33 16
20 25 19
21 27 21
22 26 20
23 28 18
24 31 17
25 24 16
26 30 17
27 28 20
28 25 22
29 27 21
30 26 19
31 29 18
32 32 15
33 29 18
34 25 18
35 31 17
36 27 18
37 27 19
38 29 19
39 34 14
40 29 15
41 29 19
42 29 18
43 24 22
44 32 16
45 34 15
46 30 17
47 26 21
48 28 19
49 28 21
50 29 19
51 34 14
52 27 20
53 32 15
54 26 19
55 31 16
56 22 24
57 28 16
58 27 19
59 29 18
60 33 16
61 27 21
62 28 21
63 29 18
64 31 16
65 29 16
66 28 21
67 24 22
68 29 19
69 25 22
70 28 19
71 27 19
72 26 19
73 25 22
74 32 17
75 28 18
76 28 19
77 19 25
78 21 23
79 27 18
80 31 15
81 25 20
82 27 21
83 35 14
84 30 17
85 30 15
86 26 18
87 29 15
88 26 21
89 25 22
90 25 18
91 26 18
92 28 18
93 27 18
94 26 19
95 28 17
96 24 20
97 25 20
98 26 21
99 26 21
