replicate pan_genome core_genome
0 25 23
1 25 24
2 26 22
3 21 28
4 28 21
5 26 23
6 24 24
7 26 23
8 23 25
9 24 25
10 25 24
11 25 24
12 26 23
13 26 22
14 30 19
15 29 19
16 24 24
17 27 22
18 28 21
19 26 23
20 25 24
21 23 25
22 26 21
23 27 22
24 27 21
25 30 19
26 26 23
27 28 21
28 28 20
29 26 23
30 30 19
31 31 18
32 26 23
33 29 20
34 30 19
35 28 21
36 29 20
37 25 24
38 26 21
39 27 22
40 28 20
41 25 23
42 26 23
43 21 27
44 27 22
45 26 22
46 28 21
47 26 23
48 28 21
49 28 21
50 28 21
51 28 21
52 25 24
53 25 24
54 27 22
55 27 22
56 22 27
57 26 23
58 29 19
59 26 23
60 23 26
61 26 23
62 23 26
63 24 23
64 25 24
65 25 24
66 24 25
67 28 21
68 24 25
69 23 26
70 22 27
71 28 21
72 24 25
73 28 21
74 28 21
75 30 19
76 27 22
77 31 18
78 29 20
79 28 21
80 24 25
81 26 22
82 27 22
83 27 22
84 24 23
85 27 22
86 27 22
87 29 20
88 24 25
89 25 24
90 25 23
91 26 23
92 27 22
93 29 20
94 28 21
95 23 25
96 27 22
97 29 20
98 27 22
99 27 21
