replicate pan_genome core_genome
0 19 28
1 25 24
2 24 24
3 20 24
4 24 24
5 25 21
6 25 23
7 17 24
8 24 21
9 23 25
10 27 20
11 25 21
12 22 25
13 26 20
14 27 20
15 28 20
16 23 22
17 24 23
18 31 18
19 28 19
20 29 20
21 23 23
22 26 21
23 27 21
24 29 20
25 26 23
26 26 22
27 20 26
28 30 19
29 23 24
30 21 26
31 22 24
32 26 22
33 22 27
34 22 25
35 27 20
36 26 23
37 24 20
38 24 22
39 28 20
40 27 21
41 21 23
42 23 24
43 23 22
44 25 23
45 26 21
46 29 19
47 24 22
48 26 18
49 24 22
50 20 25
51 26 22
52 28 19
53 22 27
54 27 22
55 27 20
56 26 21
57 25 23
58 27 22
59 22 24
60 27 20
61 26 22
62 20 25
63 25 24
64 23 23
65 24 23
66 28 20
67 26 23
68 24 24
69 26 21
70 22 27
71 22 23
72 29 18
73 26 21
74 26 22
75 24 23
76 21 27
77 21 23
78 24 23
79 26 23
80 26 21
81 25 24
82 27 21
83 24 22
84 24 22
85 27 21
86 22 24
87 28 21
88 24 22
89 29 18
90 26 23
91 28 20
92 22 26
93 23 23
94 24 25
95 25 23
96 26 22
97 23 25
98 21 28
99 27 20
