replicate pan_genome core_genome
0 27 22
1 27 21
2 25 23
3 23 23
4 24 22
5 23 24
6 22 22
7 24 22
8 25 22
9 29 20
10 26 21
11 25 23
12 23 24
13 27 22
14 21 26
15 25 23
16 28 21
17 21 26
18 23 25
19 30 19
20 24 24
21 23 25
22 25 21
23 23 24
24 24 23
25 25 22
26 26 22
27 28 19
28 22 26
29 23 22
30 23 20
31 25 21
32 23 23
33 21 25
34 24 23
35 25 22
36 26 21
37 24 22
38 27 20
39 21 25
40 26 23
41 26 22
42 27 19
43 22 20
44 27 21
45 28 17
46 24 24
47 23 24
48 28 21
49 28 20
50 20 21
51 23 23
52 27 21
53 23 25
54 27 22
55 27 21
56 22 23
57 21 22
58 27 21
59 25 22
60 24 24
61 28 20
62 27 22
63 23 26
64 28 19
65 28 19
66 22 24
67 26 21
68 21 27
69 27 21
70 21 23
71 23 21
72 22 24
73 27 20
74 21 25
75 25 20
76 25 24
77 24 21
78 25 23
79 26 22
80 25 22
81 21 25
82 24 24
83 28 19
84 22 24
85 19 23
86 29 20
87 21 24
88 22 22
89 23 25
90 26 20
91 22 24
92 23 22
93 20 24
94 24 22
95 23 20
96 19 27
97 21 26
98 24 23
99 28 21
