replicate pan_genome core_genome
0 25 18
1 27 17
2 28 18
3 27 18
4 28 20
5 27 16
6 29 17
7 28 20
8 31 17
9 26 20
10 30 18
11 29 18
12 30 18
13 26 21
14 33 14
15 29 18
16 32 15
17 24 22
18 27 20
19 26 18
20 26 21
21 29 17
22 24 19
23 24 21
24 25 19
25 25 20
26 32 16
27 26 20
28 28 19
29 27 21
30 28 19
31 28 20
32 26 19
33 23 19
34 29 19
35 27 19
36 25 21
37 26 21
38 26 22
39 30 16
40 27 22
41 29 18
42 27 19
43 27 19
44 31 17
45 25 21
46 28 19
47 31 16
48 23 21
49 30 17
50 24 23
51 27 20
52 29 19
53 28 20
54 24 19
55 30 18
56 25 20
57 25 18
58 27 18
59 29 16
60 25 20
61 29 18
62 28 19
63 29 17
64 30 16
65 27 19
66 25 20
67 28 18
68 23 23
69 25 17
70 25 21
71 29 19
72 30 18
73 21 19
74 27 20
75 23 21
76 28 19
77 31 15
78 27 19
79 29 18
80 31 15
81 29 15
82 22 19
83 25 20
84 27 20
85 28 19
86 25 17
87 26 19
88 27 18
89 27 19
90 28 19
91 31 16
92 24 22
93 25 20
94 25 20
95 27 18
96 23 21
97 29 17
98 27 22
99 29 17
