replicate pan_genome core_genome
0 31 18
1 32 16
2 23 25
3 28 20
4 28 21
5 26 22
6 20 27
7 24 24
8 25 22
9 22 22
10 25 23
11 28 18
12 24 25
13 24 23
14 27 22
15 23 22
16 28 20
17 26 22
18 26 22
19 25 22
20 30 17
21 22 20
22 22 26
23 25 22
24 28 21
25 26 22
26 30 19
27 26 23
28 26 22
29 26 23
30 27 21
31 26 22
32 26 22
33 25 22
34 26 22
35 24 22
36 27 21
37 24 25
38 25 22
39 25 24
40 32 17
41 22 25
42 27 21
43 25 23
44 26 22
45 21 28
46 21 22
47 25 19
48 27 21
49 28 20
50 26 23
51 29 19
52 30 19
53 26 22
54 29 20
55 29 20
56 26 23
57 24 23
58 23 25
59 22 24
60 28 21
61 21 26
62 25 22
63 25 22
64 24 23
65 23 25
66 26 23
67 29 19
68 23 25
69 28 20
70 28 21
71 25 24
72 22 25
73 21 27
74 26 22
75 27 21
76 28 21
77 29 19
78 24 23
79 24 23
80 27 20
81 27 21
82 22 23
83 25 24
84 27 22
85 28 21
86 26 22
87 28 21
88 27 21
89 22 24
90 25 24
91 27 21
92 30 19
93 21 22
94 28 21
95 26 22
96 31 18
97 24 23
98 28 21
99 24 22
