replicate pan_genome core_genome
0 25 21
1 23 26
2 24 24
3 30 19
4 25 24
5 24 24
6 24 24
7 21 23
8 26 22
9 20 23
10 24 23
11 21 22
12 22 23
13 20 25
14 24 24
15 28 21
16 25 24
17 23 25
18 24 24
19 19 26
20 25 22
21 25 21
22 25 23
23 23 22
24 24 23
25 25 21
26 23 23
27 22 21
28 22 24
29 24 23
30 26 22
31 22 24
32 25 20
33 26 23
34 25 23
35 25 23
36 21 21
37 27 20
38 25 22
39 28 20
40 28 20
41 24 23
42 28 19
43 27 17
44 24 23
45 27 20
46 24 23
47 27 22
48 22 25
49 24 23
50 24 23
51 23 24
52 26 21
53 22 22
54 17 25
55 22 22
56 19 28
57 23 24
58 25 24
59 24 24
60 23 24
61 26 18
62 25 22
63 26 22
64 24 22
65 27 21
66 22 23
67 27 21
68 23 23
69 19 26
70 21 22
71 26 22
72 24 24
73 25 24
74 30 19
75 23 24
76 22 24
77 25 22
78 22 26
79 23 23
80 22 25
81 22 23
82 23 25
83 29 20
84 25 21
85 23 24
86 26 18
87 26 21
88 27 21
89 29 19
90 26 21
91 23 23
92 24 22
93 25 23
94 25 23
95 19 29
96 24 24
97 22 26
98 25 23
99 20 24
