replicate pan_genome core_genome
0 28 19
1 27 21
2 25 20
3 27 21
4 28 15
5 32 15
6 26 20
7 30 18
8 25 19
9 29 15
10 29 19
11 27 21
12 25 19
13 28 19
14 32 16
15 30 18
16 24 19
17 27 18
18 28 20
19 26 19
20 25 21
21 27 21
22 27 20
23 28 19
24 30 18
25 31 16
26 24 21
27 29 17
28 27 21
29 28 17
30 26 19
31 28 19
32 25 22
33 31 17
34 27 19
35 27 19
36 26 19
37 23 22
38 29 19
39 31 17
40 28 19
41 29 18
42 25 21
43 25 22
44 27 20
45 28 19
46 28 17
47 29 20
48 31 13
49 30 18
50 27 19
51 25 20
52 31 18
53 31 17
54 28 18
55 30 19
56 29 20
57 26 22
58 28 19
59 30 17
60 27 17
61 27 17
62 31 16
63 29 20
64 28 20
65 25 22
66 27 20
67 31 18
68 26 19
69 29 18
70 32 16
71 24 20
72 25 21
73 28 20
74 28 19
75 25 22
76 30 16
77 25 20
78 27 18
79 33 16
80 27 21
81 30 18
82 24 20
83 27 21
84 32 16
85 29 19
86 26 19
87 28 17
88 31 16
89 28 19
90 28 19
91 28 20
92 26 21
93 24 23
94 29 20
95 24 21
96 24 21
97 29 18
98 24 22
99 27 17
