replicate pan_genome core_genome
0 25 24
1 28 20
2 21 24
3 27 20
4 28 21
5 23 23
6 29 20
7 25 21
8 27 21
9 22 23
10 24 24
11 28 21
12 27 22
13 23 21
14 29 20
15 23 24
16 23 23
17 19 26
18 25 23
19 21 26
20 27 20
21 23 23
22 25 19
23 23 23
24 24 23
25 25 23
26 25 21
27 27 22
28 25 23
29 26 22
30 25 21
31 21 26
32 23 24
33 28 21
34 27 21
35 27 22
36 23 21
37 26 21
38 24 23
39 21 22
40 24 21
41 21 24
42 24 22
43 25 24
44 23 21
45 21 24
46 24 23
47 27 20
48 26 22
49 27 20
50 19 25
51 22 24
52 24 24
53 24 22
54 19 26
55 25 21
56 30 19
57 24 24
58 30 19
59 25 23
60 25 21
61 23 23
62 23 26
63 23 23
64 25 19
65 26 22
66 22 23
67 30 19
68 23 22
69 25 23
70 27 22
71 19 26
72 30 19
73 26 19
74 26 21
75 24 22
76 23 24
77 19 26
78 24 24
79 24 23
80 23 25
81 23 25
82 20 27
83 26 20
84 29 19
85 23 23
86 28 20
87 26 23
88 27 21
89 22 23
90 26 23
91 27 20
92 25 24
93 24 24
94 24 23
95 25 22
96 24 22
97 27 21
98 25 23
99 25 23
