replicate pan_genome core_genome
0 22 21
1 29 18
2 25 21
3 27 20
4 26 21
5 27 18
6 27 18
7 28 19
8 28 19
9 23 22
10 26 20
11 30 19
12 28 19
13 26 21
14 28 18
15 25 23
16 26 19
17 27 20
18 31 17
19 34 15
20 30 17
21 29 19
22 32 17
23 27 21
24 23 23
25 29 18
26 30 17
27 25 21
28 27 18
29 24 23
30 27 17
31 27 20
32 27 19
33 28 18
34 25 21
35 25 21
36 26 21
37 26 21
38 28 18
39 27 20
40 26 23
41 27 21
42 29 19
43 29 20
44 24 22
45 31 17
46 30 17
47 24 20
48 31 17
49 26 19
50 31 15
51 31 16
52 27 19
53 30 17
54 28 20
55 26 20
56 27 18
57 28 18
58 32 16
59 22 18
60 32 16
61 28 20
62 28 19
63 30 16
64 25 19
65 25 18
66 27 18
67 29 19
68 30 17
69 26 21
70 29 17
71 28 17
72 27 20
73 24 21
74 27 20
75 23 20
76 29 15
77 35 13
78 30 18
79 31 15
80 26 18
81 22 21
82 29 18
83 26 19
84 28 18
85 24 21
86 27 21
87 29 14
88 30 18
89 28 19
90 30 17
91 30 17
92 28 20
93 29 16
94 27 19
95 26 19
96 26 18
97 30 17
98 28 19
99 23 23
