replicate pan_genome core_genome
0 23 24
1 26 21
2 27 21
3 21 24
4 22 26
5 25 24
6 23 22
7 25 22
8 25 22
9 22 25
10 25 22
11 26 22
12 26 19
13 22 25
14 29 19
15 21 25
16 26 22
17 22 24
18 26 21
19 20 28
20 25 22
21 27 21
22 24 24
23 25 22
24 23 23
25 21 24
26 24 23
27 27 21
28 24 25
29 26 21
30 30 19
31 23 25
32 28 19
33 27 19
34 21 27
35 25 24
36 24 22
37 26 22
38 26 21
39 24 24
40 26 21
41 19 25
42 23 25
43 21 25
44 21 26
45 22 25
46 26 22
47 18 26
48 24 25
49 28 19
50 24 22
51 23 24
52 26 21
53 27 22
54 23 25
55 27 19
56 26 23
57 28 21
58 26 20
59 22 27
60 18 28
61 24 24
62 26 22
63 28 21
64 27 20
65 24 20
66 23 22
67 20 24
68 28 19
69 23 22
70 26 22
71 16 25
72 26 22
73 23 25
74 31 16
75 28 20
76 25 23
77 26 21
78 19 26
79 27 21
80 29 19
81 21 22
82 22 26
83 30 19
84 24 23
85 27 21
86 30 19
87 25 22
88 25 23
89 27 21
90 26 20
91 24 24
92 31 18
93 24 23
94 25 23
95 21 25
96 26 21
97 24 24
98 28 21
99 25 23
