replicate pan_genome core_genome
0 28 20
1 25 21
2 28 20
3 25 22
4 28 20
5 25 22
6 25 21
7 24 24
8 31 18
9 26 22
10 23 23
11 28 20
12 27 22
13 20 24
14 26 19
15 24 23
16 22 24
17 18 27
18 24 23
19 25 22
20 25 23
21 22 21
22 30 19
23 27 20
24 26 21
25 16 27
26 25 22
27 27 22
28 22 24
29 23 24
30 26 21
31 28 19
32 23 21
33 26 19
34 20 29
35 26 22
36 26 23
37 27 22
38 24 22
39 22 24
40 24 22
41 23 25
42 20 24
43 22 24
44 29 20
45 23 22
46 21 23
47 24 23
48 26 22
49 24 22
50 22 26
51 19 26
52 25 23
53 24 24
54 28 21
55 27 22
56 26 21
57 29 18
58 29 20
59 21 26
60 28 20
61 21 23
62 25 24
63 26 19
64 21 26
65 23 22
66 24 23
67 24 22
68 21 24
69 21 27
70 26 22
71 23 24
72 29 19
73 22 22
74 25 23
75 27 19
76 24 23
77 22 26
78 27 21
79 24 22
80 23 23
81 24 23
82 23 24
83 20 26
84 26 21
85 17 25
86 26 22
87 21 25
88 27 18
89 22 25
90 22 24
91 28 21
92 26 22
93 22 25
94 27 19
95 25 24
96 26 22
97 27 21
98 25 21
99 22 25
