replicate pan_genome core_genome
0 25 22
1 26 21
2 20 29
3 23 21
4 26 23
5 29 20
6 26 23
7 24 21
8 21 27
9 23 23
10 22 25
11 23 24
12 27 22
13 22 26
14 19 24
15 24 24
16 25 21
17 23 24
18 20 24
19 25 23
20 24 22
21 28 21
22 20 26
23 25 24
24 24 23
25 22 24
26 25 23
27 24 22
28 27 22
29 24 23
30 20 25
31 28 21
32 27 19
33 23 23
34 23 23
35 23 23
36 26 22
37 17 26
38 27 20
39 24 22
40 29 19
41 23 22
42 24 22
43 21 22
44 24 23
45 28 19
46 25 22
47 26 22
48 23 22
49 25 21
50 25 23
51 24 24
52 21 27
53 26 22
54 28 19
55 23 23
56 21 25
57 22 24
58 22 27
59 25 22
60 22 26
61 27 21
62 21 24
63 31 18
64 21 25
65 21 24
66 27 21
67 21 25
68 26 21
69 27 22
70 24 25
71 25 24
72 28 20
73 25 22
74 23 23
75 24 25
76 20 27
77 22 27
78 22 23
79 28 20
80 29 19
81 24 24
82 25 20
83 28 20
84 21 25
85 19 24
86 25 23
87 25 22
88 26 22
89 27 21
90 21 27
91 31 18
92 21 20
93 19 25
94 27 20
95 27 22
96 23 23
97 21 23
98 28 21
99 24 21
