replicate pan_genome core_genome
0 24 19
1 23 23
2 32 16
3 31 17
4 31 18
5 30 18
6 31 14
7 28 17
8 36 13
9 31 17
10 25 22
11 26 20
12 29 16
13 27 17
14 29 20
15 27 19
16 28 17
17 31 17
18 28 19
19 25 21
20 27 20
21 23 19
22 27 20
23 26 22
24 23 21
25 26 21
26 28 18
27 30 14
28 26 19
29 31 17
30 30 19
31 30 17
32 21 23
33 24 22
34 31 18
35 26 22
36 28 18
37 24 21
38 22 21
39 26 20
40 27 18
41 27 19
42 27 20
43 26 21
44 27 19
45 27 20
46 28 17
47 24 21
48 28 20
49 30 17
50 26 17
51 24 19
52 29 17
53 30 17
54 29 18
55 25 21
56 30 17
57 24 21
58 25 20
59 29 18
60 30 18
61 24 21
62 32 16
63 26 20
64 27 20
65 29 18
66 28 20
67 24 22
68 26 18
69 26 20
70 27 22
71 29 15
72 30 18
73 29 17
74 29 19
75 29 19
76 26 20
77 30 17
78 26 21
79 31 17
80 28 19
81 28 17
82 28 19
83 28 16
84 25 22
85 25 22
86 28 19
87 29 14
88 22 22
89 31 16
90 25 20
91 31 15
92 26 20
93 26 21
94 29 19
95 28 19
96 21 23
97 27 22
98 26 21
99 31 16
