replicate pan_genome core_genome
0 28 20
1 31 15
2 25 20
3 26 22
4 23 20
5 31 16
6 25 20
7 29 17
8 29 17
9 29 18
10 28 17
11 26 21
12 27 20
13 30 16
14 26 19
15 27 18
16 28 19
17 26 20
18 26 20
19 29 17
20 26 18
21 30 17
22 26 21
23 30 18
24 26 16
25 30 16
26 30 17
27 29 19
28 30 17
29 28 21
30 27 18
31 29 20
32 29 19
33 29 18
34 26 20
35 30 18
36 25 20
37 26 22
38 24 19
39 26 21
40 24 22
41 26 20
42 29 19
43 27 19
44 29 17
45 27 20
46 30 18
47 27 20
48 29 17
49 23 18
50 21 25
51 27 20
52 22 24
53 31 16
54 29 18
55 27 22
56 24 22
57 28 18
58 26 19
59 31 16
60 22 25
61 28 19
62 26 20
63 28 20
64 29 17
65 24 24
66 27 18
67 29 17
68 31 18
69 21 22
70 31 15
71 30 19
72 26 20
73 30 16
74 29 17
75 29 19
76 32 14
77 27 17
78 29 18
79 31 16
80 28 17
81 26 21
82 29 17
83 25 20
84 25 21
85 25 21
86 28 19
87 25 20
88 32 16
89 23 21
90 32 16
91 27 21
92 28 21
93 29 18
94 29 19
95 27 19
96 26 21
97 33 15
98 27 19
99 25 20
