replicate pan_genome core_genome
0 26 21
1 22 27
2 25 24
3 23 25
4 25 24
5 24 24
6 22 23
7 27 21
8 20 26
9 22 24
10 25 24
11 21 21
12 21 24
13 26 21
14 19 26
15 24 23
16 27 21
17 23 22
18 27 22
19 28 20
20 23 24
21 24 20
22 22 24
23 25 22
24 21 25
25 22 23
26 21 25
27 21 25
28 24 23
29 22 25
30 21 24
31 21 27
32 20 25
33 25 22
34 22 27
35 22 24
36 24 24
37 25 22
38 31 18
39 23 25
40 24 23
41 23 24
42 20 25
43 17 27
44 26 22
45 21 25
46 25 23
47 27 19
48 25 22
49 28 19
50 26 21
51 26 21
52 25 24
53 26 20
54 23 23
55 19 27
56 22 26
57 27 22
58 27 21
59 22 22
60 22 25
61 24 24
62 23 24
63 19 27
64 27 20
65 24 24
66 30 19
67 26 19
68 23 22
69 26 21
70 23 23
71 24 23
72 23 22
73 25 24
74 25 22
75 25 21
76 20 27
77 23 23
78 28 18
79 24 22
80 28 19
81 25 22
82 24 23
83 29 20
84 27 21
85 26 23
86 25 22
87 29 19
88 23 24
89 23 23
90 25 22
91 24 24
92 29 19
93 26 21
94 27 21
95 24 21
96 25 22
97 22 24
98 25 22
99 22 22
