replicate pan_genome core_genome
0 18 23
1 27 22
2 24 22
3 23 22
4 20 26
5 26 20
6 25 23
7 27 21
8 30 19
9 26 21
10 22 24
11 23 24
12 24 25
13 27 22
14 24 23
15 26 22
16 17 26
17 26 22
18 21 25
19 25 23
20 25 22
21 25 21
22 29 19
23 26 22
24 24 25
25 24 23
26 29 20
27 18 27
28 23 26
29 16 27
30 27 22
31 21 27
32 28 18
33 21 25
34 22 26
35 24 25
36 22 26
37 23 25
38 21 23
39 25 23
40 22 27
41 22 26
42 25 20
43 19 26
44 26 23
45 24 23
46 23 23
47 23 24
48 25 24
49 22 23
50 23 24
51 26 22
52 27 20
53 25 22
54 22 25
55 25 23
56 23 24
57 24 22
58 26 20
59 24 23
60 24 24
61 30 19
62 24 21
63 25 21
64 26 23
65 23 24
66 25 23
67 21 26
68 28 20
69 21 20
70 24 21
71 26 21
72 26 22
73 27 22
74 23 25
75 21 24
76 23 25
77 20 22
78 25 23
79 27 20
80 24 23
81 26 21
82 26 22
83 23 22
84 26 19
85 26 22
86 25 24
87 23 22
88 30 19
89 24 21
90 28 20
91 28 20
92 29 17
93 24 21
94 25 24
95 28 19
96 24 22
97 23 24
98 24 22
99 27 21
