replicate pan_genome core_genome
0 23 24
1 29 18
2 25 24
3 26 20
4 24 22
5 25 23
6 26 23
7 24 21
8 21 22
9 26 22
10 18 27
11 24 23
12 25 23
13 24 23
14 24 23
15 27 22
16 27 21
17 27 20
18 20 21
19 24 23
20 24 24
21 29 19
22 25 22
23 24 22
24 31 16
25 24 23
26 29 20
27 24 24
28 25 23
29 25 24
30 27 21
31 27 20
32 21 22
33 29 20
34 29 19
35 24 24
36 26 21
37 22 23
38 26 23
39 24 23
40 24 23
41 25 21
42 23 25
43 29 18
44 24 23
45 22 24
46 22 24
47 22 22
48 24 21
49 26 20
50 21 27
51 26 23
52 24 23
53 26 23
54 25 21
55 29 19
56 23 24
57 29 19
58 25 22
59 22 25
60 21 24
61 24 24
62 24 24
63 20 25
64 23 24
65 23 24
66 25 21
67 18 27
68 27 22
69 28 21
70 28 21
71 27 19
72 26 21
73 21 24
74 22 25
75 25 24
76 18 26
77 24 24
78 25 20
79 26 21
80 25 23
81 24 24
82 26 21
83 22 20
84 25 24
85 27 22
86 26 22
87 23 23
88 26 21
89 22 23
90 24 21
91 23 25
92 25 22
93 16 25
94 26 22
95 26 21
96 22 25
97 23 20
98 24 22
99 27 21
