replicate pan_genome core_genome
0 27 19
1 25 20
2 26 20
3 28 18
4 28 20
5 28 18
6 27 18
7 30 19
8 27 19
9 29 19
10 29 17
11 22 23
12 30 16
13 29 19
14 32 17
15 30 16
16 23 21
17 27 19
18 27 18
19 24 21
20 31 17
21 25 21
22 26 20
23 26 19
24 25 22
25 25 22
26 29 16
27 31 17
28 31 16
29 29 18
30 29 18
31 23 20
32 28 17
33 20 26
34 31 17
35 27 17
36 24 21
37 28 19
38 28 19
39 29 19
40 26 18
41 29 16
42 32 15
43 23 20
44 31 18
45 27 20
46 27 18
47 28 20
48 25 17
49 27 20
50 28 20
51 35 14
52 29 16
53 30 16
54 25 20
55 30 17
56 30 18
57 24 21
58 27 20
59 31 18
60 26 19
61 28 19
62 29 18
63 30 19
64 26 19
65 30 16
66 28 21
67 26 21
68 24 22
69 31 18
70 30 17
71 30 15
72 26 19
73 27 20
74 32 16
75 22 22
76 22 22
77 27 22
78 26 19
79 25 21
80 32 15
81 31 17
82 27 21
83 27 19
84 28 19
85 30 18
86 30 16
87 27 18
88 27 21
89 24 21
90 29 18
91 26 21
92 34 13
93 33 14
94 32 16
95 32 13
96 27 18
97 31 17
98 24 20
99 28 19
