replicate pan_genome core_genome
0 21 25
1 31 18
2 22 23
3 26 23
4 22 22
5 27 21
6 21 24
7 24 22
8 27 21
9 22 25
10 27 21
11 20 26
12 26 21
13 26 22
14 27 20
15 28 20
16 23 23
17 26 23
18 19 24
19 22 26
20 25 20
21 23 23
22 28 20
23 26 22
24 24 23
25 27 20
26 26 22
27 25 21
28 24 22
29 22 22
30 29 20
31 28 19
32 28 19
33 25 23
34 17 29
35 24 24
36 27 21
37 27 19
38 28 18
39 24 24
40 30 19
41 28 19
42 24 21
43 29 19
44 25 24
45 27 22
46 19 27
47 27 21
48 20 28
49 22 24
50 29 19
51 27 21
52 23 22
53 25 22
54 25 22
55 25 21
56 24 24
57 29 19
58 24 21
59 26 21
60 23 22
61 21 24
62 27 22
63 28 19
64 28 20
65 22 24
66 23 23
67 26 23
68 27 22
69 22 24
70 27 21
71 26 22
72 27 20
73 27 20
74 25 24
75 22 22
76 24 24
77 20 25
78 25 20
79 29 20
80 24 23
81 25 19
82 28 20
83 26 21
84 23 23
85 18 26
86 23 25
87 23 25
88 26 20
89 21 25
90 25 24
91 20 26
92 21 24
93 23 23
94 27 21
95 23 22
96 26 23
97 25 23
98 24 21
99 22 25
