replicate pan_genome core_genome
0 27 22
1 28 19
2 19 28
3 25 23
4 26 22
5 25 21
6 25 23
7 25 23
8 21 25
9 27 20
10 29 20
11 20 24
12 17 26
13 22 25
14 28 19
15 27 22
16 23 23
17 25 24
18 14 27
19 21 24
20 22 26
21 23 25
22 28 20
23 27 22
24 26 21
25 23 24
26 23 24
27 24 24
28 30 19
29 26 19
30 24 23
31 22 25
32 21 23
33 29 20
34 29 20
35 24 22
36 26 22
37 26 21
38 22 22
39 23 20
40 26 22
41 23 23
42 25 22
43 25 23
44 22 22
45 24 23
46 23 23
47 26 21
48 23 22
49 24 21
50 23 23
51 24 24
52 26 21
53 19 23
54 27 19
55 28 19
56 22 21
57 28 21
58 30 18
59 25 24
60 29 19
61 23 24
62 22 24
63 17 27
64 32 16
65 27 21
66 28 19
67 25 22
68 24 24
69 24 21
70 25 22
71 28 18
72 26 22
73 22 19
74 25 21
75 25 22
76 23 22
77 28 20
78 26 21
79 29 20
80 24 22
81 26 23
82 28 19
83 19 27
84 25 23
85 24 24
86 27 19
87 26 22
88 21 25
89 20 25
90 22 25
91 28 20
92 22 24
93 24 24
94 27 22
95 27 22
96 25 23
97 25 23
98 29 18
99 22 23
