replicate pan_genome core_genome
0 25 22
1 25 23
2 28 21
3 25 22
4 24 21
5 24 22
6 27 20
7 21 24
8 24 23
9 24 25
10 24 22
11 22 24
12 23 24
13 25 21
14 21 25
15 28 21
16 25 21
17 25 23
18 30 19
19 27 21
20 26 22
21 21 25
22 27 22
23 23 24
24 25 21
25 28 20
26 28 21
27 29 19
28 23 25
29 23 23
30 27 21
31 21 24
32 29 20
33 24 24
34 27 22
35 27 21
36 24 24
37 30 18
38 26 21
39 23 25
40 22 25
41 21 26
42 21 27
43 23 26
44 19 25
45 27 22
46 27 21
47 22 25
48 25 23
49 26 21
50 25 24
51 27 21
52 22 25
53 27 20
54 28 21
55 27 21
56 24 22
57 29 19
58 31 18
59 23 23
60 24 22
61 23 22
62 20 26
63 26 22
64 20 26
65 24 22
66 26 23
67 23 23
68 24 25
69 25 24
70 25 23
71 26 21
72 29 19
73 30 19
74 27 21
75 20 26
76 25 21
77 25 22
78 25 22
79 25 23
80 25 23
81 27 21
82 26 22
83 30 18
84 22 24
85 20 24
86 22 26
87 27 21
88 27 21
89 26 23
90 21 25
91 22 24
92 26 20
93 23 24
94 26 22
95 24 25
96 28 20
97 28 20
98 24 22
99 19 23
