replicate pan_genome core_genome
0 25 21
1 25 23
2 27 22
3 27 22
4 20 23
5 21 24
6 26 20
7 17 26
8 22 22
9 19 23
10 23 26
11 21 24
12 28 20
13 24 25
14 20 26
15 21 26
16 23 25
17 29 18
18 23 23
19 26 22
20 25 20
21 24 24
22 20 25
23 25 22
24 25 19
25 27 21
26 25 22
27 27 19
28 23 23
29 21 25
30 28 20
31 27 22
32 28 20
33 22 23
34 25 23
35 26 21
36 27 20
37 23 21
38 26 22
39 24 22
40 24 24
41 19 25
42 23 23
43 29 19
44 21 27
45 24 22
46 25 22
47 27 21
48 22 25
49 27 22
50 25 24
51 24 22
52 26 20
53 26 23
54 22 24
55 24 23
56 29 19
57 26 23
58 29 18
59 24 22
60 24 22
61 22 24
62 28 21
63 25 23
64 18 24
65 30 18
66 28 19
67 28 21
68 26 21
69 24 24
70 29 19
71 21 24
72 26 22
73 23 26
74 19 24
75 25 20
76 24 25
77 18 27
78 25 23
79 26 22
80 24 22
81 19 26
82 25 22
83 24 21
84 24 23
85 25 23
86 20 27
87 22 23
88 25 23
89 25 22
90 21 24
91 26 22
92 22 22
93 25 22
94 24 23
95 24 22
96 24 23
97 19 27
98 25 22
99 25 24
