replicate pan_genome core_genome
0 24 25
1 23 24
2 28 18
3 26 22
4 27 21
5 24 22
6 30 19
7 27 21
8 30 19
9 26 22
10 28 20
11 28 21
12 28 21
13 26 23
14 25 22
15 25 23
16 27 21
17 27 20
18 23 25
19 23 25
20 29 18
21 26 21
22 26 20
23 23 25
24 23 24
25 24 23
26 19 25
27 24 22
28 26 22
29 30 18
30 23 22
31 25 24
32 28 21
33 24 24
34 26 23
35 23 26
36 23 24
37 31 18
38 23 26
39 22 24
40 26 23
41 25 22
42 25 23
43 31 18
44 18 25
45 25 24
46 25 23
47 25 20
48 25 24
49 27 20
50 25 21
51 25 22
52 28 21
53 25 23
54 23 25
55 27 22
56 25 23
57 24 24
58 22 24
59 20 27
60 28 20
61 28 21
62 21 26
63 28 21
64 23 23
65 28 20
66 26 23
67 30 19
68 27 20
69 27 22
70 23 23
71 22 23
72 23 26
73 18 27
74 23 26
75 25 23
76 23 24
77 24 24
78 27 20
79 29 19
80 27 22
81 27 21
82 25 23
83 27 21
84 24 24
85 23 26
86 25 23
87 28 20
88 27 22
89 24 23
90 24 23
91 27 22
92 25 23
93 26 22
94 23 24
95 24 24
96 25 22
97 23 25
98 26 23
99 26 22
