replicate pan_genome core_genome
0 22 24
1 27 21
2 25 22
3 25 23
4 24 25
5 25 24
6 25 21
7 21 24
8 24 23
9 22 26
10 27 22
11 19 28
12 23 22
13 27 21
14 26 21
15 24 21
16 23 24
17 23 25
18 24 23
19 24 25
20 22 25
21 25 24
22 25 20
23 25 21
24 28 19
25 28 21
26 23 23
27 20 23
28 25 22
29 26 22
30 25 23
31 26 21
32 24 24
33 27 22
34 23 24
35 26 23
36 23 23
37 22 24
38 28 20
39 23 24
40 24 24
41 22 24
42 26 22
43 28 19
44 26 23
45 27 21
46 24 24
47 25 22
48 23 23
49 24 24
50 25 24
51 30 17
52 27 22
53 23 23
54 25 23
55 29 19
56 26 23
57 28 21
58 25 24
59 30 17
60 22 24
61 20 27
62 26 21
63 24 24
64 26 21
65 28 20
66 30 18
67 24 21
68 28 18
69 26 23
70 29 20
71 24 25
72 26 20
73 26 23
74 30 18
75 26 21
76 27 21
77 23 24
78 26 22
79 28 20
80 27 21
81 27 21
82 26 22
83 25 24
84 29 17
85 23 23
86 29 20
87 24 23
88 26 22
89 26 21
90 26 22
91 26 23
92 23 24
93 23 23
94 24 22
95 27 20
96 28 21
97 27 20
98 23 26
99 28 21
