replicate pan_genome core_genome
0 27 20
1 29 20
2 24 25
3 26 23
4 24 22
5 25 23
6 23 24
7 23 24
8 24 24
9 21 26
10 26 21
11 33 14
12 26 22
13 26 21
14 21 27
15 29 19
16 26 22
17 29 20
18 24 22
19 24 21
20 26 21
21 24 24
22 26 21
23 26 22
24 20 27
25 28 20
26 24 24
27 25 23
28 25 21
29 24 23
30 27 21
31 18 28
32 24 25
33 31 18
34 22 22
35 23 24
36 26 22
37 23 24
38 25 24
39 26 22
40 27 20
41 23 24
42 26 23
43 23 24
44 25 23
45 28 21
46 20 26
47 27 21
48 27 21
49 29 19
50 24 25
51 22 24
52 25 21
53 25 22
54 26 22
55 29 18
56 27 22
57 27 21
58 28 21
59 24 21
60 26 21
61 25 24
62 21 25
63 29 18
64 27 20
65 23 19
66 20 26
67 23 19
68 27 20
69 23 22
70 21 26
71 23 21
72 26 22
73 29 18
74 24 23
75 25 24
76 21 21
77 24 23
78 27 20
79 27 22
80 20 27
81 26 23
82 26 19
83 28 18
84 30 19
85 25 22
86 21 24
87 22 22
88 24 21
89 29 20
90 19 27
91 27 22
92 27 20
93 24 23
94 25 21
95 25 24
96 24 21
97 24 25
98 22 22
99 22 24
