replicate pan_genome core_genome
0 31 16
1 20 24
2 30 19
3 28 20
4 25 22
5 22 22
6 23 22
7 26 20
8 24 22
9 21 25
10 21 25
11 28 21
12 25 23
13 18 28
14 22 25
15 21 27
16 28 20
17 24 22
18 19 25
19 26 22
20 26 20
21 19 24
22 25 22
23 20 24
24 20 26
25 24 22
26 26 22
27 23 24
28 26 21
29 27 21
30 22 24
31 26 20
32 24 23
33 21 28
34 27 15
35 30 18
36 25 21
37 26 22
38 27 21
39 21 24
40 20 23
41 25 21
42 22 23
43 24 25
44 26 22
45 21 23
46 26 23
47 25 23
48 25 23
49 23 25
50 26 22
51 27 22
52 24 22
53 27 22
54 25 23
55 23 22
56 22 23
57 27 19
58 19 27
59 28 20
60 25 23
61 27 20
62 30 19
63 22 23
64 24 23
65 18 25
66 27 22
67 24 25
68 26 21
69 26 22
70 24 23
71 26 22
72 31 16
73 29 17
74 18 26
75 22 25
76 28 18
77 29 20
78 25 22
79 27 22
80 26 21
81 28 21
82 27 22
83 17 27
84 25 23
85 15 27
86 22 23
87 26 22
88 25 22
89 23 21
90 26 22
91 22 23
92 22 21
93 25 22
94 26 23
95 24 23
96 33 16
97 24 24
98 29 20
99 21 25
