replicate pan_genome core_genome
0 22 23
1 29 20
2 25 22
3 27 21
4 23 24
5 26 22
6 21 26
7 25 23
8 21 25
9 29 20
10 27 22
11 21 24
12 20 26
13 25 22
14 27 22
15 29 20
16 27 19
17 24 23
18 25 23
19 25 23
20 26 21
21 28 19
22 22 23
23 25 19
24 26 19
25 26 23
26 25 21
27 28 20
28 25 22
29 30 19
30 25 21
31 22 23
32 24 22
33 22 22
34 26 22
35 26 20
36 27 22
37 21 26
38 24 23
39 20 24
40 29 20
41 24 23
42 20 26
43 23 26
44 28 21
45 25 24
46 28 20
47 21 26
48 27 22
49 24 24
50 24 22
51 25 21
52 23 24
53 24 23
54 28 19
55 23 24
56 25 22
57 21 24
58 26 22
59 30 19
60 27 21
61 29 20
62 22 24
63 25 22
64 23 22
65 28 20
66 21 24
67 24 22
68 24 22
69 28 20
70 25 20
71 27 21
72 23 23
73 18 27
74 28 21
75 28 20
76 24 20
77 26 22
78 22 23
79 29 19
80 23 25
81 24 24
82 21 24
83 20 24
84 29 19
85 23 22
86 28 20
87 25 23
88 22 24
89 24 24
90 27 21
91 23 22
92 25 23
93 29 20
94 20 27
95 27 20
96 28 20
97 28 20
98 27 20
99 26 21
